842317
842325
842516
842687
842892
842908
842942
843376
843407
843487
843945
844074
844238
844315
844378
844513
844667
844678
844730
844984
845072
845257
845351
845624
845793
845871
845880
845935
846059
846259
846401
846564
846985
847078
847172
847239
847281
847282
847310
848421
848510
848895
848948
849610
849696
849717
849792
849869
850115
850204
850542
851072
851093
851433
851714
852425
852523
852638
852640
852688
852768
852853
852945
853301
853383
853470
853477
853700
856002
856044
856647
856814
857962
858526
859083
859570
859816
860674
860681
861076
862155
862956
863130
863352
864047
864178
864181
864206
864228
864429
864441
864463
864598
864754
864983
865309
865530
865970
866077
3711096
3711110
3711147
3711273
3711491
3711796
3711908
3711986
3712144
3712313
3712397
3712491
3712578
3712622
3712774
3712780
3712861
3712930
3712979
3712992
3713028
3713040
3713277
3713382
3713384
3713634
3713668
3713779
3713785
3713825
3714139
3714302
3714439
3714698
3714891
3715060
3715256
3715302
3715441
3715593
3715614
3715644
3715702
3715704
3715711
3715759
3715915
3716095
3716109
3716246
3716265
3716568
3716591
3716677
3716705
3716778
3716788
3716825
3716862
3716869
3716923
3717304
3717305
3717524
3717653
3717687
4238252
4238344
4238714
4238785
4240005
4240324
4240589
4241008
4241056
4241526
4242003
4242394
4242448
4242799
4243263
4244481
4244542
4244576
4244763
4245411
4245511
4245546
4245658
4245728
4246236
4246251
4246783
4246921
4247520
4247726
4248019
4248062
4248292
4248410
4248662
4248796
4248802
4249007
4249123
4249182
4249449
4249589
4249961
4249989
4250281
4250401
4250841
4251145
4251437
4251511
4251641
4251694
4251739
4252298
4252494
4252665
4252996
4253010
4253128
4253382
4253411
4253622
4253796
4254315
4254592
4254609
4254610
4254614
4254632
4254704
4254747
4254836
4254918
4254957
4255054
4255191
4255206
4255383
4255438
4255494
4255511
4255685
4255715
4255787
4255957
4255983
4256001
4256057
4256149
4256164
4256182
4256809
4257296
4257628
4257768
4258052
4258301
4258383
4258489
4258521
4258638
4258779
4258844
4258884
4258904
4258933
4258966
4259237
4259337
4259465
4259630
4259840
4260269
4260339
4260539
4260777
4260865
4260923
4260988
4261064
4261167
4261409
4261665
4261759
4261837
4262133
4262187
4262406
4262844
4263047
4263248
4263308
4263312
4263379
4263540
4263541
4263595
4263615
4263829
4263931
4263972
4264012
4264272
4264277
4264320
4264375
4264438
4264507
4264647
4264689
4264984
4265015
4265117
4265326
4265398
7964802
7964995
7965057
7965541
7966855
7967140
7967213
7967558
7967708
7968138
7968555
7969307
7969332
7969753
7970006
7972405
7972476
7972479
7972771
7972819
7973053
7973664
7973818
7973974
7974096
7974157
7974168
7974462
7974611
7974644
7974689
7975010
7975122
7975242
7975322
7975357
7975572
7975629
7975832
7975871
7976372
7977026
7977565
7978226
11110728
11111142
11111148
11111487
11111534
11111739
11111801
11113112
11113115
11113271
11113484
11113677
11113692
11113920
11113990
11114114
11114145
11114247
26751142
842387
843526
843688
844889
850063
850541
850693
850748
852209
852453
852801
853726
856833
857442
857526
857983
858015
859600
861139
861548
863368
863640
864164
864368
864468
865077
3711349
3714748
3714803
3715408
4240591
4241357
4241599
4241745
4242914
4245769
4246632
4250522
4251188
4255427
4255582
4255847
4255875
4255920
4256031
4256236
4256467
4259131
4259151
4260332
4263064
4263378
4263943
4264790
4265806
4265828
7964576
7965173
7965265
7965336
7965609
7966591
7968847
7969289
7970860
7970910
7971053
7971579
7971711
7972257
7973095
7974352
7974366
7975014
7975439
7976105
7976253
7976841
7977543
11111020
11111771
11114281
843766
844459
845376
845402
845582
845895
846086
846680
847109
847446
848483
848613
848966
849002
849585
849939
850202
850206
850999
851766
851910
852943
853193
853577
855567
857000
857832
857967
858361
858868
859607
859882
859921
860954
861279
863025
863214
863762
864028
864029
864275
864406
864966
865857
865900
3711448
3711889
3712121
3712184
3712567
3713060
3713418
3714021
3714391
3715198
3715934
3716074
3716491
3716615
3717518
4240727
4241275
4241533
4241698
4241764
4242350
4242470
4243566
4244463
4245061
4245150
4245875
4246294
4246497
4248336
4248435
4248637
4248736
4249581
4249884
4250297
4250567
4251000
4252106
4252223
4255866
4255930
4256470
4257291
4257422
4257779
4257844
4258559
4258934
4259187
4259758
4260017
4260314
4261785
4263101
4263236
4264463
4265306
4265437
4265862
7964972
7965038
7965177
7965498
7965753
7965897
7966248
7966526
7966726
7966913
7966960
7967535
7967564
7967658
7967721
7968185
7968717
7969145
7969155
7969516
7969545
7969592
7970030
7970271
7970395
7970628
7970699
7971421
7971884
7971916
7972183
7972276
7972377
7972510
7972837
7973169
7973652
7973700
7974680
7974827
7975219
7975592
7975844
7975847
7975872
7976093
7976300
7976621
7976731
7976843
7977000
7977127
7977577
7977747
7977974
7978398
7978443
11110729
11110853
11111353
11112128
11112247
11112296
11113758
11113974
842264
842733
843061
843265
843291
843871
843934
844725
844838
845068
846387
846465
846653
846665
847084
847450
847933
848787
849345
850067
852318
853257
859961
3711301
3712815
3713717
3714030
3715745
3715747
4241450
4241753
4245329
4245734
4248330
4251571
4251668
4260230
7972586
7975944
7977159
11114191
846149
849331
849379
851235
862423
4265811
7969972
7976760
859885